Results
Start date ,2011-01-26
End date ,2011-09-17
Option Type ,C
Expiry date ,2011-09-17
Strike price ,500


Date,Stock Price,Option Price,Implied Volatility,Delta,Hedging error,Cumulative hedging error,PNL
20110126,616.5,131.8,0.298807,0.838389,0,0,0
20110127,616.79,131.4,0.294901,0.841673,0.639007,0.639007,-0.4
20110128,600.99,118.5,0.297403,0.813107,0.236736,0.875743,-13.3
20110131,600.36,116.1,0.283366,0.82117,2.12096,2.9967,-15.7
20110201,611.04,125.5,0.288371,0.837927,1.48719,4.48389,-6.3
20110202,612,125.5,0.282329,0.844152,2.28747,6.77136,-6.3
20110203,610.15,124.55,0.288127,0.837789,1.67147,8.44284,-7.25
20110204,610.98,124.3,0.28062,0.844869,2.61241,11.0552,-7.5
20110207,614.295,127.6,0.285808,0.847667,2.10836,13.1636,-4.2
20110208,618.38,129.8,0.275127,0.862266,3.36627,16.5299,-2
20110209,616.5,127.5,0.270001,0.863325,4.04029,20.5702,-4.3
20110210,616.44,127.2,0.268536,0.864878,4.28372,24.8539,-4.6
20110211,624.5,134.95,0.276653,0.872615,3.49985,28.3537,3.15
20110214,628.15,138.9,0.285075,0.87298,2.73006,31.0838,7.1
20110215,624.15,135.05,0.282451,0.869312,3.08329,34.1671,3.25
20110216,624.22,134.2,0.2747,0.875324,3.98933,38.1564,2.4
20110217,625.26,135.45,0.279583,0.87403,3.64497,41.8014,3.65
20110218,630.08,139.45,0.277874,0.883053,3.85343,45.6548,7.65
20110222,610.21,123.3,0.289713,0.844466,2.45257,48.1074,-8.5
20110223,611.32,125.85,0.305154,0.837261,0.835602,48.943,-5.95
20110224,608.82,123.3,0.302407,0.835124,1.28832,50.2313,-8.5
20110225,610.04,123.85,0.299173,0.839949,1.75321,51.9845,-7.95
20110228,613.4,125.2,0.286967,0.85417,3.2213,55.2058,-6.6
20110301,600.76,114.75,0.289774,0.829998,2.87066,58.0765,-17.05
20110302,600.79,115.3,0.295206,0.827316,2.34178,60.4183,-16.5
20110303,609.56,123.05,0.299539,0.84155,1.84342,62.2617,-8.75
20110304,600.62,115.85,0.303323,0.823291,1.51551,63.7772,-15.95
20110307,591.66,107.9,0.299234,0.808516,2.08493,65.8621,-23.9
20110308,592.31,108.5,0.30076,0.809644,2.00681,67.8689,-23.3
20110309,591.77,106.65,0.289957,0.815741,3.4158,71.2847,-25.15
20110310,580.3,98.8,0.302163,0.784065,1.90541,73.1901,-33
20110311,576.71,95.75,0.301492,0.776677,2.1371,75.3272,-36.05
20110314,569.99,90.55,0.302652,0.760373,2.11449,77.4417,-41.25
20110315,569.56,90.5,0.305764,0.7584,1.83456,79.2763,-41.3
20110316,557.1,83.75,0.325659,0.719059,-0.868208,78.4081,-48.05
20110317,561.36,84.95,0.312416,0.735833,0.992337,79.4004,-46.85
20110318,561.06,83.15,0.301736,0.740177,2.56847,81.9689,-48.65
20110321,576.5,94.05,0.295816,0.783001,3.0938,85.0627,-37.75
20110322,577.32,93.8,0.289591,0.789229,3.98235,89.045,-38
20110323,582.16,97.2,0.287028,0.802881,4.39867,93.4437,-34.6
20110324,586.89,100.85,0.286296,0.814989,4.54281,97.9865,-30.95
20110325,579.74,95.45,0.290019,0.797127,4.11179,102.098,-36.35
20110328,575.36,91.6,0.287944,0.788432,4.46606,106.564,-40.2
20110329,581.73,95.7,0.280315,0.809492,5.38412,111.948,-36.1
20110330,581.84,96.05,0.284038,0.807985,5.11861,117.067,-35.75
20110331,586.76,100.2,0.286601,0.818425,4.93951,122.007,-31.6
20110401,591.8,103.55,0.280559,0.834204,5.7099,127.717,-28.25
20110404,587.68,99.7,0.278118,0.827364,6.11886,133.835,-32.1
20110405,569.09,85.35,0.283733,0.778929,5.08453,138.92,-46.45
20110406,574.18,89.55,0.286906,0.790942,4.84508,143.765,-42.25
20110407,580,94,0.286723,0.806149,4.99422,148.759,-37.8
20110408,578.16,93.7,0.298685,0.795082,3.80696,152.566,-38.1
20110411,577.37,91.2,0.283122,0.803471,5.67496,158.241,-40.6
20110412,570.61,86.3,0.288859,0.783084,5.13971,163.381,-45.5
20110413,576.28,91.2,0.294168,0.795178,4.67641,168.057,-40.6
20110414,578.51,93.85,0.303201,0.796194,3.79635,171.854,-37.95
20110415,530.7,54,0.266339,0.666937,5.5767,177.43,-77.8
20110418,526.84,51.3,0.2664,0.652116,5.69952,183.13,-80.5
20110419,521.53,46.5,0.256819,0.633147,7.03406,190.164,-85.3
20110420,525.73,48.3,0.251021,0.653129,7.89064,198.055,-83.5
20110421,525.1,48.1,0.25395,0.649746,7.67644,205.731,-83.7
20110425,525.05,47.75,0.253889,0.650282,7.99134,213.722,-84.05
20110426,532.82,53.1,0.256636,0.682092,7.69142,221.414,-78.7
20110427,537.76,55.5,0.249312,0.706127,8.65832,230.072,-76.3
20110428,537.97,55.5,0.24919,0.707752,8.80385,238.876,-76.3
20110429,544.1,58.05,0.233994,0.74235,10.5895,249.465,-73.75
20110502,538.56,55.5,0.248214,0.711882,9.02394,258.489,-76.3
20110503,533.89,52.7,0.253767,0.690329,8.49667,266.986,-79.1
20110504,535.79,54.35,0.258039,0.696611,8.15585,275.142,-77.45
20110505,534.27,53.25,0.258894,0.690698,8.19466,283.336,-78.55
20110506,535.3,53.9,0.25987,0.694901,8.25364,291.59,-77.9
20110509,537.68,54.95,0.255964,0.70711,8.85529,300.445,-76.85
20110510,542.66,57.75,0.250106,0.731387,9.57456,310.02,-74.05
20110511,535.45,52.95,0.254805,0.699935,9.09878,319.119,-78.85
20110512,535.05,52.4,0.253828,0.699419,9.36657,328.485,-79.4
20110513,529.55,48.85,0.257185,0.674813,9.06753,337.553,-82.95
20110516,518.42,41.45,0.257246,0.624141,8.9546,346.507,-90.35
20110517,530.46,48.4,0.250594,0.682984,9.51731,356.025,-83.4
20110518,529.81,47.7,0.249739,0.681067,9.77107,365.796,-84.1
20110519,531.25,47.95,0.244552,0.690871,10.4995,376.295,-83.85
20110520,524.03,43,0.245345,0.656695,10.4591,386.754,-88.8
20110523,518.39,39.85,0.250777,0.627581,9.90328,396.658,-91.95
20110524,518.26,39.5,0.249922,0.627542,10.1695,406.827,-92.3
20110525,519.67,39.95,0.247664,0.635596,10.6022,417.429,-91.85
20110526,518.13,38.45,0.244491,0.629043,11.1213,428.551,-93.35
20110527,520.9,39.85,0.242721,0.644528,11.4618,440.013,-91.95
20110531,529.02,44.1,0.234848,0.691145,12.4433,452.456,-87.7
20110601,525.6,42.7,0.245162,0.66944,11.4774,463.933,-89.1
20110602,528.06,44.75,0.250411,0.680061,11.0721,475.005,-87.05
20110603,523.08,41.6,0.253828,0.654435,10.8331,485.839,-90.2
20110606,521.06,39.95,0.252303,0.645223,11.1591,496.998,-91.85
20110607,519.03,38.6,0.253584,0.634721,11.1973,508.195,-93.2
20110608,519.17,38.6,0.2545,0.635691,11.2841,519.479,-93.2
20110609,516.73,36.45,0.250289,0.624363,11.881,531.36,-95.35
20110610,509.505,31.95,0.250838,0.583958,11.868,543.228,-99.85
20110613,504.73,28.35,0.244308,0.556218,12.6776,555.906,-103.45
20110614,508.37,30.2,0.244003,0.578454,12.8506,568.756,-101.6
20110615,502.95,27.65,0.250594,0.545467,12.2634,581.02,-104.15
20110616,500.37,27.1,0.260664,0.530397,11.4044,592.424,-104.7
20110617,485.02,20.6,0.272259,0.442178,9.76117,602.185,-111.2
20110620,484.58,18.7,0.256697,0.431901,11.4654,613.651,-113.1
20110621,493,21.5,0.248031,0.4814,12.3007,625.951,-110.3
20110622,487.005,18.4,0.246688,0.440941,12.5132,638.465,-113.4
20110623,480.22,15.55,0.248641,0.39642,12.3703,650.835,-116.25
20110624,474.88,13.4,0.24919,0.360929,12.4024,663.237,-118.4
20110627,482.8,16,0.246139,0.409884,12.6601,675.897,-115.8
20110628,493.65,20.6,0.245528,0.482434,12.5061,688.404,-111.2
20110629,497.57,22.3,0.245223,0.508429,12.6956,701.099,-109.5
20110630,506.38,26.55,0.242172,0.568048,12.9232,714.022,-105.25
20110701,521.028,35.2,0.240097,0.664397,12.5921,726.614,-96.6
20110705,532.44,44.2,0.257246,0.72269,11.1718,737.786,-87.6
20110706,535.36,46.9,0.266766,0.733349,10.5796,748.366,-84.9
20110707,546.6,55.3,0.267194,0.787639,10.4199,758.785,-76.5
20110708,531.99,43.95,0.265912,0.719418,10.2596,769.045,-87.85
20110711,527.28,41,0.273174,0.69153,9.8189,778.864,-90.8
20110712,534.01,46.4,0.283794,0.722815,9.07078,787.935,-85.4
20110713,538.26,49.3,0.284099,0.745092,9.24038,797.175,-82.5
20110714,528.94,41.15,0.269269,0.70692,10.444,807.619,-90.65
20110715,597.62,99.65,0.278301,0.940819,0.493285,808.112,-32.15
20110718,594.94,97.65,0.296976,0.9265,-0.0308613,808.081,-34.15
20110719,602.55,103.8,0.263044,0.960371,0.867107,808.949,-28
20110720,595.35,97.8,0.296121,0.931982,-0.0507597,808.898,-34
20110721,606.99,108.15,0.272198,0.964345,0.444062,809.342,-23.65
20110722,618.23,118.7,0.244918,0.98614,0.72951,810.071,-13.1
20110725,618.98,119.95,0.290324,0.97168,0.215224,810.287,-11.85
20110726,622.52,123.25,0.282939,0.978699,0.351152,810.638,-8.55
20110727,607.22,108.65,0.300577,0.957789,-0.0269974,810.611,-23.15
20110728,610.94,112.1,0.298318,0.965077,0.0820382,810.693,-19.7
20110729,603.69,106.8,0.364779,0.924763,-1.61875,809.074,-25
20110801,606.77,107.65,0.281291,0.971385,0.375924,809.45,-24.15
20110802,592.4,95.05,0.334143,0.925751,-0.987086,808.463,-36.75
20110803,601.17,103.3,0.341893,0.939781,-1.12132,807.342,-28.5
20110804,577.52,83.35,0.389557,0.866244,-3.40008,803.942,-48.45
20110805,579.04,85.2,0.40811,0.863862,-3.93539,800.006,-46.6
20110808,546.02,61.8,0.471519,0.733497,-9.06195,790.944,-70
20110809,573.41,77.45,0.351902,0.886537,-4.62313,786.321,-54.35
20110810,549.01,60.7,0.430874,0.765336,-9.50653,776.815,-71.1
20110811,562.13,69.15,0.398833,0.832294,-7.91664,768.898,-62.65
20110812,563.77,70.4,0.403655,0.839283,-7.8033,761.095,-61.4
20110815,557.23,62.7,0.360141,0.8445,-5.594,755.501,-69.1
20110816,539,47.35,0.35477,0.770895,-5.64121,749.859,-84.45
20110817,533.15,41.8,0.340551,0.750626,-4.60272,745.257,-90
20110818,504.88,26.9,0.411588,0.556219,-10.9247,734.332,-104.9
20110819,490.92,19.35,0.413785,0.462949,-11.1405,723.191,-112.45
20110822,498.17,20.5,0.38144,0.508087,-8.93501,714.256,-111.3
20110823,518.82,30.65,0.355198,0.665812,-8.59388,705.663,-101.15
20110824,523.29,33.85,0.368014,0.695977,-8.81899,696.844,-97.95
20110825,520.04,33.35,0.413969,0.662712,-10.5824,686.261,-98.45
20110826,526.86,34.9,0.357028,0.734758,-7.61397,678.647,-96.9
20110829,539.08,43.05,0.330359,0.835138,-6.78652,671.861,-88.75
20110830,540.7,44.6,0.348179,0.840184,-6.98507,664.876,-87.2
20110831,540.96,43.1,0.297586,0.884829,-5.26811,659.608,-88.7
20110901,532.5,36.6,0.335607,0.815184,-6.25552,653.352,-95.2
20110902,524.84,29.25,0.311013,0.782107,-5.15143,648.201,-102.55
20110906,522.18,27.25,0.345372,0.757521,-5.23337,642.967,-104.55
20110907,534.03,35.65,0.308754,0.88972,-4.65867,638.309,-96.15
20110908,534.96,37.25,0.373689,0.867962,-5.43317,632.875,-94.55
20110909,524.85,28.7,0.397613,0.794371,-5.66033,627.215,-103.1
20110912,530.12,31,0.303933,0.91747,-3.77571,623.439,-100.8
20110913,529.52,30.05,0.296915,0.939738,-3.3782,620.061,-101.75
20110914,532.07,32.85,0.399138,0.926404,-3.78373,616.277,-98.95
20110915,542.56,41.9,7.5e-005,1,-3.11742,613.16,-89.9
20110916,546.68,46.1,7.5e-005,1,-3.19942,609.961,-85.7
